A = [-0.322, -1.12;
    6.87, -0.32];
B = [0;
    0];
C = [1, 0;
    0, 1];
D = [0 ;
    0];